Substitution,βT,Rg,SASA,RMSD,DSI,Stability,Activity,,,,,,,,
I102F,5.97,15.80,91.17,1.65,0.71,68.43,3.68,,,,,,,,
K48E,7.72,15.64,92.88,1.52,0.72,67.48,20.49,,,,,,,,
N16M_T113D,5.92,15.69,90.22,1.15,0.83,66.81,11.57,,,,,,,,
N16M_T113E,7.33,15.70,90.16,1.08,0.71,67.84,15.23,,,,,,,,
N20L,6.67,15.69,89.97,1.13,0.74,69.49,37.23,,,,,,,,
N20L_Y82F,8.23,15.67,89.26,1.41,0.73,65.79,5.52,,,,,,,,
N55F,7.00,15.65,89.75,1.15,0.74,65.44,8.88,,,,,,,,
N55L,6.91,15.72,89.78,1.63,0.73,66.78,4.33,,,,,,,,
Q21H,8.28,15.67,89.38,1.12,0.74,63.81,11.69,,,,,,,,
N16M_N20L_Q21H_K48R_S81E_T113E,7.58,15.65,89.46,1.06,0.73,72.39,75.57,,,,,,,,
N16M_N20L_Q21H_K48F_S81E_T113E,8.82,15.74,91.45,1.54,0.72,71.09,76.31,,,,,,,,
T113D,8.55,15.59,88.13,1.17,0.71,62.43,8.74,,,,,,,,
T113E,7.15,15.78,91.47,1.76,0.70,70.49,10.65,,,,,,,,
N16M,6.77,15.74,90.32,1.64,0.71,70.12,9.76,,,,,,,,
K62Y,4.40,15.65,89.55,1.48,0.75,87.14,0.59,,,,,,,,
N16M_Q21H_Q51F_N55M_T113E,11.20,15.66,89.62,1.39,0.76,65.79,15.65,,,,,,,,
K62V,9.49,15.74,89.95,1.50,0.77,87.49,1.55,,,,,,,,
K48Y,9.02,15.68,89.25,1.18,0.80,76.48,9.17,,,,,,,,
A186L,9.41,20.26,160.04,1.33,0.75,73.13,397.67,,,,,,,,
L188M,10.99,20.03,160.62,1.11,0.75,74.85,377.33,,,,,,,,
A190L,7.88,19.99,160.94,1.16,0.74,75.45,395.00,,,,,,,,
A190Y,5.95,19.98,161.82,1.97,0.74,76.30,411.33,,,,,,,,
Q184I,9.09,20.07,159.86,1.73,0.73,65.93,290.33,,,,,,,,
Q184L,8.54,20.11,160.95,1.85,0.74,69.06,280.00,,,,,,,,
Q184M,6.17,20.04,160.81,1.72,0.71,67.34,300.00,,,,,,,,
V187M,2.56,20.03,161.05,1.75,0.73,71.58,343.00,,,,,,,,
A186L/A190L,1.02,19.84,160.83,1.32,0.75,76.74,385.00,,,,,,,,
A186L/A190Y,2.56,20.03,159.74,1.11,0.77,76.61,395.33,,,,,,,,
L188M/A190L,3.97,19.86,160.37,1.09,0.76,75.45,413.00,,,,,,,,
L188M/A190Y,6.26,19.78,160.43,1.15,0.76,74.04,427.67,,,,,,,,
A186L/L188M/A190L,10.06,19.82,160.53,1.21,0.76,76.29,421.00,,,,,,,,
A186L/L188M/A190Y,5.05,19.70,160.56,1.03,0.73,78.70,474.33,,,,,,,,
T21V,7.38,18.74,176.38,1.69,0.76,65.80,719.00,,,,,,,,
S27A,6.93,18.81,179.79,1.68,0.72,66.70,654.00,,,,,,,,
T198V,7.29,18.61,188.94,1.24,0.72,63.40,265.00,,,,,,,,
T198L,10.11,18.68,189.72,1.23,0.74,64.50,314.00,,,,,,,,
T149I,9.35,18.80,191.58,1.60,0.70,61.30,514.00,,,,,,,,
T149V,6.21,18.70,189.91,1.22,0.87,60.00,740.00,,,,,,,,
T149L,9.91,18.64,189.57,1.17,0.80,59.00,402.00,,,,,,,,
Y20F,12.16,19.61,188.74,1.36,0.77,55.70,251.00,,,,,,,,
S24V,14.34,18.78,191.72,2.04,0.78,58.40,234.00,,,,,,,,
S24A,10.06,18.66,189.32,1.00,0.80,58.60,529.00,,,,,,,,
T149M,9.35,18.77,191.50,1.74,0.77,59.90,356.00,,,,,,,,
T198I,9.28,18.65,189.81,1.07,0.75,60.30,453.00,,,,,,,,
Y20F/S24V,5.92,19.73,194.28,1.12,0.65,56.80,189.00,,,,,,,,
S27A/T149I,9.98,18.66,185.03,1.55,0.69,68.10,3489.00,,,,,,,,
T21V/T198L,9.16,18.61,183.10,1.83,0.69,68.10,2931.00,,,,,,,,
T21V/S27A,9.29,18.72,188.81,1.15,0.63,69.70,2519.00,,,,,,,,
T21V/T149I,6.53,18.59,189.61,1.65,0.68,59.20,3390.00,,,,,,,,
T149I/T198I,7.49,18.88,183.75,1.40,0.56,59.90,3165.00,,,,,,,,
S27A/T198L,6.82,18.46,187.64,1.39,0.64,59.70,855.00,,,,,,,,
T149I/T198L,7.74,18.85,183.82,1.25,0.70,61.80,2210.00,,,,,,,,
Y20F/T149L,6.77,18.07,184.58,1.79,0.78,62.60,3580.00,,,,,,,,
S27A/T149I/T198L,9.05,18.14,186.16,1.95,0.72,60.60,3842.00,,,,,,,,
T21V/S27A/T149I,9.87,18.83,186.25,1.30,0.87,71.20,3459.00,,,,,,,,
T21V/S27A/T198I,6.51,18.14,189.45,1.94,0.84,68.20,5312.00,,,,,,,,
T21V/T149I/T198L,9.93,18.28,188.24,1.42,0.55,69.90,4293.00,,,,,,,,
T21V/S27A/T198L,4.21,18.65,181.18,1.57,0.66,70.20,5828.00,,,,,,,,
Y20F/S24V/T149L,10.25,18.73,188.02,1.37,0.67,54.30,176.00,,,,,,,,
Y418G,8.51,22.12,263.23,2.37,0.67,56.80,9.57,,,,,,,,
Y418V,8.61,22.36,265.47,2.44,0.52,55.20,11.48,,,,,,,,
Y418F,5.82,20.14,269.87,2.08,0.49,62.30,16.72,,,,,,,,
Y418A,8.33,20.52,262.01,2.14,0.41,57.90,15.17,,,,,,,,
Y418Q,10.30,21.88,261.21,2.29,0.41,51.20,12.47,,,,,,,,
M97G,10.00,22.28,262.31,2.19,0.63,53.50,4.27,,,,,,,,
M97F ,10.79,21.33,269.05,2.49,0.52,58.70,18.34,,,,,,,,
M97A,9.02,22.71,268.80,2.08,0.88,59.10,13.11,,,,,,,,
M97Q,8.38,20.63,262.72,2.19,0.79,58.90,13.86,,,,,,,,
M97Y,10.83,21.66,263.93,2.26,0.66,58.40,7.65,,,,,,,,
M97V,5.67,20.67,268.72,2.24,0.47,60.10,12.94,,,,,,,,
V555G,8.78,21.71,260.59,2.42,0.87,59.80,1.44,,,,,,,,
V555A,4.07,21.02,266.09,2.30,0.69,63.90,13.18,,,,,,,,
Y418F/M97F,10.80,21.96,260.36,2.07,0.43,58.20,3.97,,,,,,,,
Y418F/M97A,9.21,22.00,269.84,2.15,0.59,56.40,5.58,,,,,,,,
Y418F/M97Q,10.91,22.62,266.38,2.05,0.81,59.10,13.62,,,,,,,,
Y418F/M97V,10.19,20.29,266.54,2.09,0.56,46.70,2.25,,,,,,,,
Y418A/M97F,8.72,20.32,261.93,2.17,0.50,56.00,4.09,,,,,,,,
Y418Q/M97F,9.42,21.36,267.30,2.27,0.84,56.30,4.01,,,,,,,,
V555A/Y418Q,10.51,22.73,266.78,2.29,0.56,49.60,4.69,,,,,,,,
